#Sat Apr 02 17:32:35 CST 2022
token=24.dc1e93bfb3122410848f1a32a4bad872.2592000.1651483957.282335-25893907
time=2022-04-02 17\:32\:29
