#Wed Jul 20 15:46:41 CST 2022
token=24.989a4bf82e9fe52b93440ed8529c7dd5.2592000.1660895202.282335-25893907
time=2022-07-20 15\:46\:35
