#Thu Aug 25 11:54:19 CST 2022
token=24.a56f0ec62e8a1f02e9e93b53194ef5f1.2592000.1663991660.282335-25893907
time=2022-08-25 11\:54\:19
